0652387545
0604145746
0635241787
0673692191
0768791443
0642464567
0646669315
0627086479
0633391600
0684932932
0672474387
0638150148
0615298895
0625354640
0631966622
0660788842
0698874491
0614432745
0678051263
0665374157
0611356026
0613491396
0695264738
0676266879
0603820838
0763171198
0627550867
0622592987
0749974353
0622922722
0604164202
0617936756
0677622535
0619200739
0634244995
0675928912
0780499650
0614095846
0658454270
0638171640
0625731694
0613714831
0669177969
0604175662
0699701046
0613191747
0665367794
0668468440
0669291686
0612905895